{
 "cells": [
  {
   "cell_type": "code",
   "execution_count": 2,
   "metadata": {
    "collapsed": true
   },
   "outputs": [],
   "source": [
    "import jieba"
   ]
  },
  {
   "cell_type": "code",
   "execution_count": 3,
   "metadata": {
    "collapsed": true
   },
   "outputs": [],
   "source": [
    "# -*- coding=UTF-8 -*-\n",
    "# encoding=utf-8"
   ]
  },
  {
   "cell_type": "code",
   "execution_count": 4,
   "metadata": {
    "collapsed": true
   },
   "outputs": [],
   "source": [
    "from sklearn.feature_extraction.text import TfidfVectorizer"
   ]
  },
  {
   "cell_type": "code",
   "execution_count": 5,
   "metadata": {
    "collapsed": false
   },
   "outputs": [],
   "source": [
    "pray_docs={}"
   ]
  },
  {
   "cell_type": "code",
   "execution_count": 6,
   "metadata": {
    "collapsed": false
   },
   "outputs": [],
   "source": [
    "pray_docs['0']='祷告接力第一日： 我们在天上的父，清晨来到你面前，心怀感恩，因你---创造天地万物的父拣选我们，用你爱子的血为我们附上我们对你对自己的亏欠。给我们这世界换不来的真平安和教会我们什么是真正的爱。求你指教我们，该如何分享你这关乎我们人生方向的福音，不虚度时光在宴乐和时代流行中，带领我们在派发单张以及迎新的时候有你合宜的话语，也不畏惧不胆怯，清楚的用言语和我们人生的面貌来表达你对我们的爱。求你看顾十月份相关的各样福音活动，也让我们更有使命感，荣神益人！ 如此祈求是奉耶稣基督的名求。阿门！'\n",
    "pray_docs['1']='祷告接力第二日：亲爱的主，感谢你赦免我们的罪，让我们在你里面有真正的平安和喜乐。而我们也知道你给我们的大使命是把你的福音传出去，使万民都做你的门徒，同得你的恩典。但是要收的庄稼多，做工的人少。所以主，也真求你给我们一颗勇敢的心，让我们每个人愿意为你而去放胆传你的道。也求给我们智慧的言语来引人归主，在水深之处得人如得鱼。让更多不认识你的人同享你的恩典。我们十月份的福音活动求你看顾保守，让我们每个弟兄姐妹都成为祝福的管道，把你的爱传递出去，让万民都归向你。奉主耶稣的名祷告，阿门！'\n",
    "pray_docs['2']='祷告接力第三日：亲爱的主，感谢你在这渐渐寒冷的季节，让我们有着各样的经历，好让我们认出你的作为；特别求你在即将到来的学生事工中，让服事你的人，显出从主而来的谦卑与爱，好让那些身处他乡的学子也有机会在教会听到你的福音并委身教会；求你坚固我们，特别是在我们也很软弱的时候，藉着这福音的大能，让我们也有成长；也求你召唤那些来过教会却又离开的人们，一起在这禾场中，成为你收获的果实；求主让我们按照你自己的心意，去为你服事，走你的道路，而不是为自己在世界赚取更多，感谢主，以上不配的祷告，是奉耶稣基督的名求的，阿门。'\n",
    "pray_docs['3']='祷告接力第四日：亲爱的天父，爱我们的神，感谢你因着爱创造了宇宙创造了我们，感谢你赐下你的爱子耶稣基督降世为人，让凡信他的人都得到这宝贵的救恩，感谢你让我们得到这属天的福气。你愿意万人得救，明白真道，你说天国的福音要传遍天下，对万民作见证。主啊，你的旨意必将成就。愿你的灵可以感动你的众圣徒，起来广传福音，让听到你福音的都可以信主得救，来跟随你。我们把接下来的福音事工都恭敬交托，愿你祝福我们接下来传福音的所有弟兄姊妹，看顾各项的安排事宜天气，并堵住一切漏洞。愿你的荣耀彰显，感谢赞美主。奉耶稣基督得胜的名求。阿们！'\n",
    "pray_docs['4']='主啊，赐我们心志，忠心遵行大使命。得胜荣耀的圣天父，爱我们的主耶稣，我们感1谢你，我们赞美你，在至高之处，荣耀归与神，在地上平安归与他所喜悦的人，天父天父我们感谢你赐给我们有青年团契，使我们有事奉的心志，在福音的路上有平平安安须须利利，主的慈爱前后环绕着求主祝福我们爱主更深，啊利路亚，荣耀归生名，奉主耶稣基督圣名求，啊门！！！'\n",
    "pray_docs['5']='祷告接力第六天：主耶稣感谢你赐给我们周五好的天气，感谢你保守我们每天的生活有平安，主呀！你是有丰盛的慈爱，有怜悯神，求你安慰悲伤中的人.  主呀！我们要歌颂赞美你，你是配得天上地下一切的荣耀，因为你创造了万物，并且万物是因你的旨意被创造而有的，主呀！你知道我们今年的主题是“广传福音，领人归主” 求你赐给我们不胆怯的心，大胆去撒种，把得救的福音传出去，求主保守团契十月份迎新的事宜，多多加添青年团契的人数. 感谢主！愿全地都来敬拜赞美你！祷告奉主名求！阿门！'\n",
    "pray_docs['6']='愿我们在天上的父听我们的声音，因我们深知他奇妙的救恩，甚愿将他的救恩传扬！只是我们甚无智慧，也无巧妙的口才，更不知道如何吸引那些未听过你名的人，只求神使我们有满满的爱心和信心，凡事依靠神行事，不依靠自己的力量，凡事显出你的爱，丢弃自己的私意，更求神补足我们的不足，赐下更多的属灵恩赐在我们每个弟兄姊妹的身上！愿你使用我们的迎新活动，愿你祝福我们发单张的脚踪，求你带领那一天，使新到汉堡的学生得到你的祝福！求主帮助我们，使我们有更开阔的眼光，不仅仅只有迎新，可以使我们有更多的方式来传福音，也不只在青年团契，更叫整个教会奋兴，满有你的能力，以福音为我们真正的喜乐和满足！奉主耶稣的名祷告，阿门！'\n",
    "pray_docs['7']='亲爱的天父，感谢赞美你的恩典和宝血 在尘土中拣选我们洗净我们的过犯。我们本不配得你的救赎之恩，但是你的爱是我们无法测度的。求你用你的爱的源头充满我们，给我们对未得的灵魂有怜悯的心和负担，也给我们能力与智慧帮助我们将这负担付诸行动。在这个过程中可能会遇到困难，求你让我们刚强壮胆，不要丧气，相信我们是与你同工，让我们成为那个撒种浇灌的工人，将结果交托于你，圣灵必在你要拣选的儿女心中运行。以上祷告奉主耶稣圣名所求，阿门。'\n",
    "pray_docs['8']='亲爱的天父，感谢你拣选我们，让我们在你里面有了新生命，让我们在你里面得以有平安。孩子依然要求你赐智慧给我们，让我们把你的话 也传给还没听过你名的人，不论场合，不论心境，让他们也能慢慢的了解 你是怎样慈爱的神。孩子也还要求你赐更多的信心给这些跟随你的人，即便有时 我们会误解你 但也求你帮助我们 可以因着信任你慈爱公义全知的品性 而完全顺服跟随你，时刻牢记你的话语 真的活出你的样式，也从我们的行为里可以影响感染更多还不了解你的人。 以上祷告是奉我主耶稣基督的名求。阿门'\n",
    "pray_docs['9']='亲爱的天父上帝，感谢你在我生命中安排的出现的每一个小天使，让他们帮助和陪伴我的成长。现在我也为青年团契十月份的招新活动向你献上祷告，求你让参与的每一个弟兄姐妹预备自己的心，让他们有从你而来的智慧和爱心，来迎接将要来到团契的每一个新面孔，让他们感受到离家之后的温暖和关爱。我们也把迎新活动的每一个细节都放在你手里，包括当天的天气，场地以及将要乘坐的交通工具，求你让这些能够顺利，也都有你的旨意在里面，不因外在因素阻碍了软弱的人去认识你。亲爱的天父，最后求你祝福每一个参与迎新的弟兄姐妹，把你的旨意放在他们心里，让他们有从你而来的力量和平安。以上祷告，奉主名求。'\n",
    "pray_docs['10']='亲爱的主耶稣，谢谢你带领我们来到新的一天，我们怀着感恩的心，今天与你同行，恳求你慈手引导，让我们靠着你所赐的智慧与力量，去面对今天的每一件事。主啊，我们也为十月份的迎新祷告，求你给我们有勇敢的心，可以派发单张，将福音的好消息传给汉堡的华人。求你保守参与服侍的弟兄姐妹，靠你得力。主啊，也求你带领和使用十月份一切的福音活动，愿这些活动成为所有人的祝福！祷告奉主名求，阿门！'\n",
    "pray_docs['11']='亲爱的天父 早晨我们一同来寻求祢的面 单单渴慕你 因祢在任何环境中已为我们预备 当我们未开口祢已知道我们心里所求所想 求圣灵教导我们分辨哪些是合你心意的所求 哪些是妄求 让祢的话常存在我们心里 不叫我们犯任意妄为的罪 当我们信心软弱时求祢让我们经历你的信实 当我们犯错时求祢慈声管教 因祢的慈爱使我们转回 当忧虑加增时求祢使我们得安息 因祢的大能使我们得赦免 求祢的灵感动我们今日活出祢的爱 好叫与我们接触到的人都能感受到这爱从你而来 奉基督耶稣的名求 阿门'\n",
    "pray_docs['12']='我们的天父，感谢你给我们每一天的日子，无论在各样的情况下和难处中因 你 作为我们的依靠而有盼望，这个盼望不是从世界来的，而是因着你对我们毫无保留 接纳的爱 而来的，你用宝血完成的救恩，附上极重无比的代价，单单是为了普普通通的我们，我们算什么，你竟然眷顾我们。求你指教我们当如何在日复一日忙碌的生活中，看到你对我们的计划，看到你对我们同胞们的计划。求你给我们更加的鼓励和爱心，为了你的爱而走出去。也愿你祝福我们10月份的各项福音活动，吸引更多迷失的羊归向你。以上祷告是奉主耶稣基督的名求。'\n",
    "pray_docs['13']='亲爱的主耶稣，早晨我们来到你的面前，赞美你的大能与慈爱。你是创造宇宙万物的主，也是为了渺小的人类的罪甘愿被钉十字架的主。你将传福音的大使命留给你的民，因你说不愿一人沉沦，但愿万民得救。就求你赐给弟兄姊妹更多的爱心与信心在传福音的事工上，求你亲自带领更多的新人来到青年团契10月份的迎新会，也求你赐给弟兄姊妹有勇气与智慧，让我们知道当如何在这个过程中将你的福音广传。求你保守青年团契的福音工作，让每位参与者都能从中得着你所赐予的平安与喜乐。奉主耶稣得胜的名求，阿门！'\n",
    "pray_docs['14']='祷告接力：亲爱的的天父，感谢你拣选了我们，成为你的儿女。我们感谢你在汉堡这个城市为我们华人赐下如此美好的聚会的场所，让我们可以在这里聚会，彼此交通，一起敬拜赞美你。10月是我们教会的福音月，求主你赐给我们众弟兄姊妹以智慧和力量，向家人传福音、向邻舍传福音，向新入学的学生传福音。 努力为主作见证, 不以福音为耻，這福音本是神的大能, 要救一切相信的人。祷告是奉我主耶稣得胜的名求。'"
   ]
  },
  {
   "cell_type": "code",
   "execution_count": 7,
   "metadata": {
    "collapsed": true
   },
   "outputs": [],
   "source": [
    "vectorizer = TfidfVectorizer(analyzer='word')"
   ]
  },
  {
   "cell_type": "code",
   "execution_count": 8,
   "metadata": {
    "collapsed": false
   },
   "outputs": [
    {
     "name": "stderr",
     "output_type": "stream",
     "text": [
      "Building prefix dict from the default dictionary ...\n",
      "Loading model from cache /var/folders/v1/54rpy3s96157j8fd1gtbjfc5c4ml2v/T/jieba.cache\n",
      "Loading model cost 0.998 seconds.\n",
      "Prefix dict has been built succesfully.\n"
     ]
    }
   ],
   "source": [
    "pray_cuts={}\n",
    "for name,pray in pray_docs.items():\n",
    "    pray_cuts[name]=' '.join(jieba.cut(pray, cut_all=True))\n"
   ]
  },
  {
   "cell_type": "code",
   "execution_count": 9,
   "metadata": {
    "collapsed": false
   },
   "outputs": [],
   "source": [
    "tfidf=vectorizer.fit_transform(list(pray_cuts.values()))"
   ]
  },
  {
   "cell_type": "code",
   "execution_count": 10,
   "metadata": {
    "collapsed": true
   },
   "outputs": [],
   "source": [
    "from sklearn.metrics.pairwise import linear_kernel\n",
    "cosine_similarities = linear_kernel(tfidf, tfidf).flatten()"
   ]
  },
  {
   "cell_type": "code",
   "execution_count": 13,
   "metadata": {
    "collapsed": false
   },
   "outputs": [],
   "source": [
    "result=cosine_similarities.reshape(15,15)"
   ]
  },
  {
   "cell_type": "code",
   "execution_count": 14,
   "metadata": {
    "collapsed": false
   },
   "outputs": [],
   "source": [
    "import pandas as pd\n",
    "df=pd.DataFrame(result,columns=pray_docs.keys(),index=pray_docs.keys())"
   ]
  },
  {
   "cell_type": "code",
   "execution_count": 15,
   "metadata": {
    "collapsed": false
   },
   "outputs": [
    {
     "data": {
      "text/html": [
       "<div>\n",
       "<table border=\"1\" class=\"dataframe\">\n",
       "  <thead>\n",
       "    <tr style=\"text-align: right;\">\n",
       "      <th></th>\n",
       "      <th>0</th>\n",
       "      <th>1</th>\n",
       "      <th>2</th>\n",
       "      <th>3</th>\n",
       "      <th>4</th>\n",
       "      <th>5</th>\n",
       "      <th>6</th>\n",
       "      <th>7</th>\n",
       "      <th>8</th>\n",
       "      <th>9</th>\n",
       "      <th>10</th>\n",
       "      <th>11</th>\n",
       "      <th>12</th>\n",
       "      <th>13</th>\n",
       "      <th>14</th>\n",
       "    </tr>\n",
       "  </thead>\n",
       "  <tbody>\n",
       "    <tr>\n",
       "      <th>0</th>\n",
       "      <td>1.000000</td>\n",
       "      <td>0.278177</td>\n",
       "      <td>0.214976</td>\n",
       "      <td>0.178717</td>\n",
       "      <td>0.231930</td>\n",
       "      <td>0.215239</td>\n",
       "      <td>0.304523</td>\n",
       "      <td>0.236451</td>\n",
       "      <td>0.199136</td>\n",
       "      <td>0.066207</td>\n",
       "      <td>0.266027</td>\n",
       "      <td>0.276397</td>\n",
       "      <td>0.295395</td>\n",
       "      <td>0.153837</td>\n",
       "      <td>0.224514</td>\n",
       "    </tr>\n",
       "    <tr>\n",
       "      <th>1</th>\n",
       "      <td>0.278177</td>\n",
       "      <td>1.000000</td>\n",
       "      <td>0.146497</td>\n",
       "      <td>0.178939</td>\n",
       "      <td>0.232024</td>\n",
       "      <td>0.228129</td>\n",
       "      <td>0.268581</td>\n",
       "      <td>0.242703</td>\n",
       "      <td>0.185128</td>\n",
       "      <td>0.107282</td>\n",
       "      <td>0.255569</td>\n",
       "      <td>0.235494</td>\n",
       "      <td>0.231575</td>\n",
       "      <td>0.177888</td>\n",
       "      <td>0.211783</td>\n",
       "    </tr>\n",
       "    <tr>\n",
       "      <th>2</th>\n",
       "      <td>0.214976</td>\n",
       "      <td>0.146497</td>\n",
       "      <td>1.000000</td>\n",
       "      <td>0.145647</td>\n",
       "      <td>0.131130</td>\n",
       "      <td>0.107693</td>\n",
       "      <td>0.225307</td>\n",
       "      <td>0.157850</td>\n",
       "      <td>0.120486</td>\n",
       "      <td>0.065460</td>\n",
       "      <td>0.099823</td>\n",
       "      <td>0.185730</td>\n",
       "      <td>0.190517</td>\n",
       "      <td>0.067206</td>\n",
       "      <td>0.217005</td>\n",
       "    </tr>\n",
       "    <tr>\n",
       "      <th>3</th>\n",
       "      <td>0.178717</td>\n",
       "      <td>0.178939</td>\n",
       "      <td>0.145647</td>\n",
       "      <td>1.000000</td>\n",
       "      <td>0.213485</td>\n",
       "      <td>0.237061</td>\n",
       "      <td>0.165560</td>\n",
       "      <td>0.132284</td>\n",
       "      <td>0.156473</td>\n",
       "      <td>0.065089</td>\n",
       "      <td>0.137835</td>\n",
       "      <td>0.137119</td>\n",
       "      <td>0.158104</td>\n",
       "      <td>0.179857</td>\n",
       "      <td>0.278784</td>\n",
       "    </tr>\n",
       "    <tr>\n",
       "      <th>4</th>\n",
       "      <td>0.231930</td>\n",
       "      <td>0.232024</td>\n",
       "      <td>0.131130</td>\n",
       "      <td>0.213485</td>\n",
       "      <td>1.000000</td>\n",
       "      <td>0.252280</td>\n",
       "      <td>0.232995</td>\n",
       "      <td>0.225884</td>\n",
       "      <td>0.194175</td>\n",
       "      <td>0.072692</td>\n",
       "      <td>0.126197</td>\n",
       "      <td>0.257095</td>\n",
       "      <td>0.227509</td>\n",
       "      <td>0.210197</td>\n",
       "      <td>0.222539</td>\n",
       "    </tr>\n",
       "    <tr>\n",
       "      <th>5</th>\n",
       "      <td>0.215239</td>\n",
       "      <td>0.228129</td>\n",
       "      <td>0.107693</td>\n",
       "      <td>0.237061</td>\n",
       "      <td>0.252280</td>\n",
       "      <td>1.000000</td>\n",
       "      <td>0.172171</td>\n",
       "      <td>0.177458</td>\n",
       "      <td>0.109100</td>\n",
       "      <td>0.106775</td>\n",
       "      <td>0.182140</td>\n",
       "      <td>0.140335</td>\n",
       "      <td>0.158087</td>\n",
       "      <td>0.268226</td>\n",
       "      <td>0.222475</td>\n",
       "    </tr>\n",
       "    <tr>\n",
       "      <th>6</th>\n",
       "      <td>0.304523</td>\n",
       "      <td>0.268581</td>\n",
       "      <td>0.225307</td>\n",
       "      <td>0.165560</td>\n",
       "      <td>0.232995</td>\n",
       "      <td>0.172171</td>\n",
       "      <td>1.000000</td>\n",
       "      <td>0.240792</td>\n",
       "      <td>0.195161</td>\n",
       "      <td>0.091600</td>\n",
       "      <td>0.254886</td>\n",
       "      <td>0.270479</td>\n",
       "      <td>0.279760</td>\n",
       "      <td>0.208697</td>\n",
       "      <td>0.243725</td>\n",
       "    </tr>\n",
       "    <tr>\n",
       "      <th>7</th>\n",
       "      <td>0.236451</td>\n",
       "      <td>0.242703</td>\n",
       "      <td>0.157850</td>\n",
       "      <td>0.132284</td>\n",
       "      <td>0.225884</td>\n",
       "      <td>0.177458</td>\n",
       "      <td>0.240792</td>\n",
       "      <td>1.000000</td>\n",
       "      <td>0.195890</td>\n",
       "      <td>0.043613</td>\n",
       "      <td>0.141998</td>\n",
       "      <td>0.301670</td>\n",
       "      <td>0.230083</td>\n",
       "      <td>0.089813</td>\n",
       "      <td>0.247160</td>\n",
       "    </tr>\n",
       "    <tr>\n",
       "      <th>8</th>\n",
       "      <td>0.199136</td>\n",
       "      <td>0.185128</td>\n",
       "      <td>0.120486</td>\n",
       "      <td>0.156473</td>\n",
       "      <td>0.194175</td>\n",
       "      <td>0.109100</td>\n",
       "      <td>0.195161</td>\n",
       "      <td>0.195890</td>\n",
       "      <td>1.000000</td>\n",
       "      <td>0.108110</td>\n",
       "      <td>0.134627</td>\n",
       "      <td>0.232257</td>\n",
       "      <td>0.181363</td>\n",
       "      <td>0.095805</td>\n",
       "      <td>0.149177</td>\n",
       "    </tr>\n",
       "    <tr>\n",
       "      <th>9</th>\n",
       "      <td>0.066207</td>\n",
       "      <td>0.107282</td>\n",
       "      <td>0.065460</td>\n",
       "      <td>0.065089</td>\n",
       "      <td>0.072692</td>\n",
       "      <td>0.106775</td>\n",
       "      <td>0.091600</td>\n",
       "      <td>0.043613</td>\n",
       "      <td>0.108110</td>\n",
       "      <td>1.000000</td>\n",
       "      <td>0.170530</td>\n",
       "      <td>0.081186</td>\n",
       "      <td>0.056170</td>\n",
       "      <td>0.113004</td>\n",
       "      <td>0.064988</td>\n",
       "    </tr>\n",
       "    <tr>\n",
       "      <th>10</th>\n",
       "      <td>0.266027</td>\n",
       "      <td>0.255569</td>\n",
       "      <td>0.099823</td>\n",
       "      <td>0.137835</td>\n",
       "      <td>0.126197</td>\n",
       "      <td>0.182140</td>\n",
       "      <td>0.254886</td>\n",
       "      <td>0.141998</td>\n",
       "      <td>0.134627</td>\n",
       "      <td>0.170530</td>\n",
       "      <td>1.000000</td>\n",
       "      <td>0.141966</td>\n",
       "      <td>0.158557</td>\n",
       "      <td>0.164680</td>\n",
       "      <td>0.229309</td>\n",
       "    </tr>\n",
       "    <tr>\n",
       "      <th>11</th>\n",
       "      <td>0.276397</td>\n",
       "      <td>0.235494</td>\n",
       "      <td>0.185730</td>\n",
       "      <td>0.137119</td>\n",
       "      <td>0.257095</td>\n",
       "      <td>0.140335</td>\n",
       "      <td>0.270479</td>\n",
       "      <td>0.301670</td>\n",
       "      <td>0.232257</td>\n",
       "      <td>0.081186</td>\n",
       "      <td>0.141966</td>\n",
       "      <td>1.000000</td>\n",
       "      <td>0.271660</td>\n",
       "      <td>0.090013</td>\n",
       "      <td>0.177746</td>\n",
       "    </tr>\n",
       "    <tr>\n",
       "      <th>12</th>\n",
       "      <td>0.295395</td>\n",
       "      <td>0.231575</td>\n",
       "      <td>0.190517</td>\n",
       "      <td>0.158104</td>\n",
       "      <td>0.227509</td>\n",
       "      <td>0.158087</td>\n",
       "      <td>0.279760</td>\n",
       "      <td>0.230083</td>\n",
       "      <td>0.181363</td>\n",
       "      <td>0.056170</td>\n",
       "      <td>0.158557</td>\n",
       "      <td>0.271660</td>\n",
       "      <td>1.000000</td>\n",
       "      <td>0.139664</td>\n",
       "      <td>0.192434</td>\n",
       "    </tr>\n",
       "    <tr>\n",
       "      <th>13</th>\n",
       "      <td>0.153837</td>\n",
       "      <td>0.177888</td>\n",
       "      <td>0.067206</td>\n",
       "      <td>0.179857</td>\n",
       "      <td>0.210197</td>\n",
       "      <td>0.268226</td>\n",
       "      <td>0.208697</td>\n",
       "      <td>0.089813</td>\n",
       "      <td>0.095805</td>\n",
       "      <td>0.113004</td>\n",
       "      <td>0.164680</td>\n",
       "      <td>0.090013</td>\n",
       "      <td>0.139664</td>\n",
       "      <td>1.000000</td>\n",
       "      <td>0.228071</td>\n",
       "    </tr>\n",
       "    <tr>\n",
       "      <th>14</th>\n",
       "      <td>0.224514</td>\n",
       "      <td>0.211783</td>\n",
       "      <td>0.217005</td>\n",
       "      <td>0.278784</td>\n",
       "      <td>0.222539</td>\n",
       "      <td>0.222475</td>\n",
       "      <td>0.243725</td>\n",
       "      <td>0.247160</td>\n",
       "      <td>0.149177</td>\n",
       "      <td>0.064988</td>\n",
       "      <td>0.229309</td>\n",
       "      <td>0.177746</td>\n",
       "      <td>0.192434</td>\n",
       "      <td>0.228071</td>\n",
       "      <td>1.000000</td>\n",
       "    </tr>\n",
       "  </tbody>\n",
       "</table>\n",
       "</div>"
      ],
      "text/plain": [
       "           0         1         2         3         4         5         6  \\\n",
       "0   1.000000  0.278177  0.214976  0.178717  0.231930  0.215239  0.304523   \n",
       "1   0.278177  1.000000  0.146497  0.178939  0.232024  0.228129  0.268581   \n",
       "2   0.214976  0.146497  1.000000  0.145647  0.131130  0.107693  0.225307   \n",
       "3   0.178717  0.178939  0.145647  1.000000  0.213485  0.237061  0.165560   \n",
       "4   0.231930  0.232024  0.131130  0.213485  1.000000  0.252280  0.232995   \n",
       "5   0.215239  0.228129  0.107693  0.237061  0.252280  1.000000  0.172171   \n",
       "6   0.304523  0.268581  0.225307  0.165560  0.232995  0.172171  1.000000   \n",
       "7   0.236451  0.242703  0.157850  0.132284  0.225884  0.177458  0.240792   \n",
       "8   0.199136  0.185128  0.120486  0.156473  0.194175  0.109100  0.195161   \n",
       "9   0.066207  0.107282  0.065460  0.065089  0.072692  0.106775  0.091600   \n",
       "10  0.266027  0.255569  0.099823  0.137835  0.126197  0.182140  0.254886   \n",
       "11  0.276397  0.235494  0.185730  0.137119  0.257095  0.140335  0.270479   \n",
       "12  0.295395  0.231575  0.190517  0.158104  0.227509  0.158087  0.279760   \n",
       "13  0.153837  0.177888  0.067206  0.179857  0.210197  0.268226  0.208697   \n",
       "14  0.224514  0.211783  0.217005  0.278784  0.222539  0.222475  0.243725   \n",
       "\n",
       "           7         8         9        10        11        12        13  \\\n",
       "0   0.236451  0.199136  0.066207  0.266027  0.276397  0.295395  0.153837   \n",
       "1   0.242703  0.185128  0.107282  0.255569  0.235494  0.231575  0.177888   \n",
       "2   0.157850  0.120486  0.065460  0.099823  0.185730  0.190517  0.067206   \n",
       "3   0.132284  0.156473  0.065089  0.137835  0.137119  0.158104  0.179857   \n",
       "4   0.225884  0.194175  0.072692  0.126197  0.257095  0.227509  0.210197   \n",
       "5   0.177458  0.109100  0.106775  0.182140  0.140335  0.158087  0.268226   \n",
       "6   0.240792  0.195161  0.091600  0.254886  0.270479  0.279760  0.208697   \n",
       "7   1.000000  0.195890  0.043613  0.141998  0.301670  0.230083  0.089813   \n",
       "8   0.195890  1.000000  0.108110  0.134627  0.232257  0.181363  0.095805   \n",
       "9   0.043613  0.108110  1.000000  0.170530  0.081186  0.056170  0.113004   \n",
       "10  0.141998  0.134627  0.170530  1.000000  0.141966  0.158557  0.164680   \n",
       "11  0.301670  0.232257  0.081186  0.141966  1.000000  0.271660  0.090013   \n",
       "12  0.230083  0.181363  0.056170  0.158557  0.271660  1.000000  0.139664   \n",
       "13  0.089813  0.095805  0.113004  0.164680  0.090013  0.139664  1.000000   \n",
       "14  0.247160  0.149177  0.064988  0.229309  0.177746  0.192434  0.228071   \n",
       "\n",
       "          14  \n",
       "0   0.224514  \n",
       "1   0.211783  \n",
       "2   0.217005  \n",
       "3   0.278784  \n",
       "4   0.222539  \n",
       "5   0.222475  \n",
       "6   0.243725  \n",
       "7   0.247160  \n",
       "8   0.149177  \n",
       "9   0.064988  \n",
       "10  0.229309  \n",
       "11  0.177746  \n",
       "12  0.192434  \n",
       "13  0.228071  \n",
       "14  1.000000  "
      ]
     },
     "execution_count": 15,
     "metadata": {},
     "output_type": "execute_result"
    }
   ],
   "source": [
    "df"
   ]
  },
  {
   "cell_type": "code",
   "execution_count": 16,
   "metadata": {
    "collapsed": false
   },
   "outputs": [
    {
     "data": {
      "text/plain": [
       "6     0.276949\n",
       "0     0.276102\n",
       "1     0.265318\n",
       "14    0.260647\n",
       "4     0.255342\n",
       "11    0.253276\n",
       "12    0.251392\n",
       "7     0.244243\n",
       "5     0.238478\n",
       "10    0.230943\n",
       "3     0.224330\n",
       "8     0.217126\n",
       "13    0.212464\n",
       "2     0.205022\n",
       "9     0.147514\n",
       "dtype: float64"
      ]
     },
     "execution_count": 16,
     "metadata": {},
     "output_type": "execute_result"
    }
   ],
   "source": [
    "df.mean().sort_values(ascending=False)"
   ]
  },
  {
   "cell_type": "code",
   "execution_count": null,
   "metadata": {
    "collapsed": true
   },
   "outputs": [],
   "source": []
  }
 ],
 "metadata": {
  "kernelspec": {
   "display_name": "Python 3",
   "language": "python",
   "name": "python3"
  },
  "language_info": {
   "codemirror_mode": {
    "name": "ipython",
    "version": 3
   },
   "file_extension": ".py",
   "mimetype": "text/x-python",
   "name": "python",
   "nbconvert_exporter": "python",
   "pygments_lexer": "ipython3",
   "version": "3.6.2"
  }
 },
 "nbformat": 4,
 "nbformat_minor": 2
}
